144503924.jpg Adidas 1 38 12 234 142
2451569770.jpg Adidas 1 242 208 413 331
390321909.jpg Adidas 1 13 5 89 60
4761260517.jpg Adidas 1 43 122 358 354
4763210295.jpg Adidas 1 83 63 130 93
4763210295.jpg Adidas 1 91 288 125 306
4763210295.jpg Adidas 1 182 63 229 94
4763210295.jpg Adidas 1 192 291 225 306
4763210295.jpg Adidas 1 285 61 317 79
4763210295.jpg Adidas 1 285 298 324 329
4763210295.jpg Adidas 1 377 292 421 324
4763210295.jpg Adidas 1 383 55 416 76
1230939811.jpg Adidas 2 129 326 257 423
1230939811.jpg Adidas 2 137 336 243 395
2550056374.jpg Adidas 2 18 2 488 278
3294282629.jpg Adidas 2 126 252 207 311
3294282629.jpg Adidas 2 127 324 206 381
3294282629.jpg Adidas 2 129 109 206 162
3294282629.jpg Adidas 2 132 176 206 234
3294282629.jpg Adidas 2 212 111 287 165
3294282629.jpg Adidas 2 213 180 288 236
3294282629.jpg Adidas 2 213 253 290 312
3294282629.jpg Adidas 2 213 327 287 382
3294282629.jpg Adidas 2 294 109 373 167
3294282629.jpg Adidas 2 294 327 372 383
3294282629.jpg Adidas 2 295 252 372 311
3294282629.jpg Adidas 2 296 179 370 234
4061203382.jpg Adidas 2 155 206 241 252
4499338915.jpg Adidas 2 72 20 392 210
144503924.jpg Adidas 2 38 12 234 142
2451569770.jpg Adidas 2 242 208 413 331
390321909.jpg Adidas 2 13 5 89 60
4761260517.jpg Adidas 2 43 122 358 354
4763210295.jpg Adidas 2 83 63 130 93
4763210295.jpg Adidas 2 91 288 125 306
4763210295.jpg Adidas 2 182 63 229 94
4763210295.jpg Adidas 2 192 291 225 306
4763210295.jpg Adidas 2 285 61 317 79
4763210295.jpg Adidas 2 285 298 324 329
4763210295.jpg Adidas 2 377 292 421 324
4763210295.jpg Adidas 2 383 55 416 76
2534155497.jpg Adidas 3 59 1 479 253
3007885565.jpg Adidas 3 221 20 476 262
4336482746.jpg Adidas 3 16 194 246 351
451265524.jpg Adidas 3 195 179 244 215
791925651.jpg Adidas 3 1 3 96 74
1230939811.jpg Adidas 3 129 326 257 423
1230939811.jpg Adidas 3 137 336 243 395
2550056374.jpg Adidas 3 18 2 488 278
3294282629.jpg Adidas 3 126 252 207 311
3294282629.jpg Adidas 3 127 324 206 381
3294282629.jpg Adidas 3 129 109 206 162
3294282629.jpg Adidas 3 132 176 206 234
3294282629.jpg Adidas 3 212 111 287 165
3294282629.jpg Adidas 3 213 180 288 236
3294282629.jpg Adidas 3 213 253 290 312
3294282629.jpg Adidas 3 213 327 287 382
3294282629.jpg Adidas 3 294 109 373 167
3294282629.jpg Adidas 3 294 327 372 383
3294282629.jpg Adidas 3 295 252 372 311
3294282629.jpg Adidas 3 296 179 370 234
4061203382.jpg Adidas 3 155 206 241 252
4499338915.jpg Adidas 3 72 20 392 210
144503924.jpg Adidas 3 38 12 234 142
2451569770.jpg Adidas 3 242 208 413 331
390321909.jpg Adidas 3 13 5 89 60
4761260517.jpg Adidas 3 43 122 358 354
4763210295.jpg Adidas 3 83 63 130 93
4763210295.jpg Adidas 3 91 288 125 306
4763210295.jpg Adidas 3 182 63 229 94
4763210295.jpg Adidas 3 192 291 225 306
4763210295.jpg Adidas 3 285 61 317 79
4763210295.jpg Adidas 3 285 298 324 329
4763210295.jpg Adidas 3 377 292 421 324
4763210295.jpg Adidas 3 383 55 416 76
2403699729.jpg Adidas 4 27 5 342 244
3005794070.jpg Adidas 4 233 9 474 242
4061203190.jpg Adidas 4 181 48 260 103
4605631045.jpg Adidas 4 347 126 446 197
4763207899.jpg Adidas 4 40 9 98 45
4763207899.jpg Adidas 4 44 286 84 307
4763207899.jpg Adidas 4 161 11 217 48
4763207899.jpg Adidas 4 169 290 211 312
4763207899.jpg Adidas 4 285 303 337 338
4763207899.jpg Adidas 4 287 4 327 30
4763207899.jpg Adidas 4 396 298 451 337
4763207899.jpg Adidas 4 405 5 446 31
2534155497.jpg Adidas 4 59 1 479 253
3007885565.jpg Adidas 4 221 20 476 262
4336482746.jpg Adidas 4 16 194 246 351
451265524.jpg Adidas 4 195 179 244 215
791925651.jpg Adidas 4 1 3 96 74
1230939811.jpg Adidas 4 129 326 257 423
1230939811.jpg Adidas 4 137 336 243 395
2550056374.jpg Adidas 4 18 2 488 278
3294282629.jpg Adidas 4 126 252 207 311
3294282629.jpg Adidas 4 127 324 206 381
3294282629.jpg Adidas 4 129 109 206 162
3294282629.jpg Adidas 4 132 176 206 234
3294282629.jpg Adidas 4 212 111 287 165
3294282629.jpg Adidas 4 213 180 288 236
3294282629.jpg Adidas 4 213 253 290 312
3294282629.jpg Adidas 4 213 327 287 382
3294282629.jpg Adidas 4 294 109 373 167
3294282629.jpg Adidas 4 294 327 372 383
3294282629.jpg Adidas 4 295 252 372 311
3294282629.jpg Adidas 4 296 179 370 234
4061203382.jpg Adidas 4 155 206 241 252
4499338915.jpg Adidas 4 72 20 392 210
144503924.jpg Adidas 4 38 12 234 142
2451569770.jpg Adidas 4 242 208 413 331
390321909.jpg Adidas 4 13 5 89 60
4761260517.jpg Adidas 4 43 122 358 354
4763210295.jpg Adidas 4 83 63 130 93
4763210295.jpg Adidas 4 91 288 125 306
4763210295.jpg Adidas 4 182 63 229 94
4763210295.jpg Adidas 4 192 291 225 306
4763210295.jpg Adidas 4 285 61 317 79
4763210295.jpg Adidas 4 285 298 324 329
4763210295.jpg Adidas 4 377 292 421 324
4763210295.jpg Adidas 4 383 55 416 76
145074777.jpg Adidas 5 22 52 471 326
3732387125.jpg Adidas 5 415 87 430 105
4763209871.jpg Adidas 5 88 66 139 95
4763209871.jpg Adidas 5 105 275 132 293
4763209871.jpg Adidas 5 185 67 230 95
4763209871.jpg Adidas 5 197 278 227 295
4763209871.jpg Adidas 5 276 288 322 315
4763209871.jpg Adidas 5 285 62 315 80
4763209871.jpg Adidas 5 365 284 406 312
4763209871.jpg Adidas 5 373 61 410 80
4763847308.jpg Adidas 5 35 3 97 45
4763847308.jpg Adidas 5 49 286 90 309
4763847308.jpg Adidas 5 158 7 219 46
4763847308.jpg Adidas 5 169 287 213 316
4763847308.jpg Adidas 5 282 296 339 337
4763847308.jpg Adidas 5 286 5 324 31
4763847308.jpg Adidas 5 393 295 450 335
4763847308.jpg Adidas 5 407 2 446 34
7787186.jpg Adidas 5 67 16 440 275
2403699729.jpg Adidas 5 27 5 342 244
3005794070.jpg Adidas 5 233 9 474 242
4061203190.jpg Adidas 5 181 48 260 103
4605631045.jpg Adidas 5 347 126 446 197
4763207899.jpg Adidas 5 40 9 98 45
4763207899.jpg Adidas 5 44 286 84 307
4763207899.jpg Adidas 5 161 11 217 48
4763207899.jpg Adidas 5 169 290 211 312
4763207899.jpg Adidas 5 285 303 337 338
4763207899.jpg Adidas 5 287 4 327 30
4763207899.jpg Adidas 5 396 298 451 337
4763207899.jpg Adidas 5 405 5 446 31
2534155497.jpg Adidas 5 59 1 479 253
3007885565.jpg Adidas 5 221 20 476 262
4336482746.jpg Adidas 5 16 194 246 351
451265524.jpg Adidas 5 195 179 244 215
791925651.jpg Adidas 5 1 3 96 74
1230939811.jpg Adidas 5 129 326 257 423
1230939811.jpg Adidas 5 137 336 243 395
2550056374.jpg Adidas 5 18 2 488 278
3294282629.jpg Adidas 5 126 252 207 311
3294282629.jpg Adidas 5 127 324 206 381
3294282629.jpg Adidas 5 129 109 206 162
3294282629.jpg Adidas 5 132 176 206 234
3294282629.jpg Adidas 5 212 111 287 165
3294282629.jpg Adidas 5 213 180 288 236
3294282629.jpg Adidas 5 213 253 290 312
3294282629.jpg Adidas 5 213 327 287 382
3294282629.jpg Adidas 5 294 109 373 167
3294282629.jpg Adidas 5 294 327 372 383
3294282629.jpg Adidas 5 295 252 372 311
3294282629.jpg Adidas 5 296 179 370 234
4061203382.jpg Adidas 5 155 206 241 252
4499338915.jpg Adidas 5 72 20 392 210
144503924.jpg Adidas 5 38 12 234 142
2451569770.jpg Adidas 5 242 208 413 331
390321909.jpg Adidas 5 13 5 89 60
4761260517.jpg Adidas 5 43 122 358 354
4763210295.jpg Adidas 5 83 63 130 93
4763210295.jpg Adidas 5 91 288 125 306
4763210295.jpg Adidas 5 182 63 229 94
4763210295.jpg Adidas 5 192 291 225 306
4763210295.jpg Adidas 5 285 61 317 79
4763210295.jpg Adidas 5 285 298 324 329
4763210295.jpg Adidas 5 377 292 421 324
4763210295.jpg Adidas 5 383 55 416 76
2450743885.jpg Adidas 6 49 13 305 191
2553832700.jpg Adidas 6 4 5 499 352
3308750600.jpg Adidas 6 10 153 159 266
3541292073.jpg Adidas 6 217 92 271 136
4061675184.jpg Adidas 6 274 132 326 186
145074777.jpg Adidas 6 22 52 471 326
3732387125.jpg Adidas 6 415 87 430 105
4763209871.jpg Adidas 6 88 66 139 95
4763209871.jpg Adidas 6 105 275 132 293
4763209871.jpg Adidas 6 185 67 230 95
4763209871.jpg Adidas 6 197 278 227 295
4763209871.jpg Adidas 6 276 288 322 315
4763209871.jpg Adidas 6 285 62 315 80
4763209871.jpg Adidas 6 365 284 406 312
4763209871.jpg Adidas 6 373 61 410 80
4763847308.jpg Adidas 6 35 3 97 45
4763847308.jpg Adidas 6 49 286 90 309
4763847308.jpg Adidas 6 158 7 219 46
4763847308.jpg Adidas 6 169 287 213 316
4763847308.jpg Adidas 6 282 296 339 337
4763847308.jpg Adidas 6 286 5 324 31
4763847308.jpg Adidas 6 393 295 450 335
4763847308.jpg Adidas 6 407 2 446 34
7787186.jpg Adidas 6 67 16 440 275
2403699729.jpg Adidas 6 27 5 342 244
3005794070.jpg Adidas 6 233 9 474 242
4061203190.jpg Adidas 6 181 48 260 103
4605631045.jpg Adidas 6 347 126 446 197
4763207899.jpg Adidas 6 40 9 98 45
4763207899.jpg Adidas 6 44 286 84 307
4763207899.jpg Adidas 6 161 11 217 48
4763207899.jpg Adidas 6 169 290 211 312
4763207899.jpg Adidas 6 285 303 337 338
4763207899.jpg Adidas 6 287 4 327 30
4763207899.jpg Adidas 6 396 298 451 337
4763207899.jpg Adidas 6 405 5 446 31
2534155497.jpg Adidas 6 59 1 479 253
3007885565.jpg Adidas 6 221 20 476 262
4336482746.jpg Adidas 6 16 194 246 351
451265524.jpg Adidas 6 195 179 244 215
791925651.jpg Adidas 6 1 3 96 74
1230939811.jpg Adidas 6 129 326 257 423
1230939811.jpg Adidas 6 137 336 243 395
2550056374.jpg Adidas 6 18 2 488 278
3294282629.jpg Adidas 6 126 252 207 311
3294282629.jpg Adidas 6 127 324 206 381
3294282629.jpg Adidas 6 129 109 206 162
3294282629.jpg Adidas 6 132 176 206 234
3294282629.jpg Adidas 6 212 111 287 165
3294282629.jpg Adidas 6 213 180 288 236
3294282629.jpg Adidas 6 213 253 290 312
3294282629.jpg Adidas 6 213 327 287 382
3294282629.jpg Adidas 6 294 109 373 167
3294282629.jpg Adidas 6 294 327 372 383
3294282629.jpg Adidas 6 295 252 372 311
3294282629.jpg Adidas 6 296 179 370 234
4061203382.jpg Adidas 6 155 206 241 252
4499338915.jpg Adidas 6 72 20 392 210
144503924.jpg Adidas 6 38 12 234 142
2451569770.jpg Adidas 6 242 208 413 331
390321909.jpg Adidas 6 13 5 89 60
4761260517.jpg Adidas 6 43 122 358 354
4763210295.jpg Adidas 6 83 63 130 93
4763210295.jpg Adidas 6 91 288 125 306
4763210295.jpg Adidas 6 182 63 229 94
4763210295.jpg Adidas 6 192 291 225 306
4763210295.jpg Adidas 6 285 61 317 79
4763210295.jpg Adidas 6 285 298 324 329
4763210295.jpg Adidas 6 377 292 421 324
4763210295.jpg Adidas 6 383 55 416 76
3006946827.jpg Apple 1 79 17 444 310
3065654531.jpg Apple 1 84 134 252 366
3190306185.jpg Apple 1 321 257 373 299
3261774945.jpg Apple 1 64 20 397 231
3733440395.jpg Apple 1 12 127 74 196
3733440395.jpg Apple 1 41 62 143 162
3733440395.jpg Apple 1 80 5 206 106
3733440395.jpg Apple 1 186 155 227 200
3733440395.jpg Apple 1 225 155 252 184
3733440395.jpg Apple 1 227 248 262 278
3733440395.jpg Apple 1 229 201 262 234
3733440395.jpg Apple 1 247 227 270 254
3733440395.jpg Apple 1 252 191 275 213
3733440395.jpg Apple 1 253 301 280 323
3733440395.jpg Apple 1 276 290 292 304
3733440395.jpg Apple 1 283 269 302 284
3733440395.jpg Apple 1 284 10 316 45
3733440395.jpg Apple 1 287 307 314 325
3733440395.jpg Apple 1 297 291 312 309
3733440395.jpg Apple 1 304 277 321 292
3733440395.jpg Apple 1 309 297 326 312
3733440395.jpg Apple 1 325 240 346 264
3733440395.jpg Apple 1 329 299 351 319
3733440395.jpg Apple 1 334 65 361 99
3733440395.jpg Apple 1 350 232 379 256
3733440395.jpg Apple 1 356 58 389 80
3733440395.jpg Apple 1 371 280 396 308
3733440395.jpg Apple 1 395 291 423 313
3733440395.jpg Apple 1 406 159 419 172
3733440395.jpg Apple 1 438 276 462 317
2401584750.jpg Apple 2 107 18 390 335
299768792.jpg Apple 2 126 68 415 260
3023420658.jpg Apple 2 171 115 298 237
4210274024.jpg Apple 2 143 13 384 224
442337651.jpg Apple 2 178 60 324 193
3006946827.jpg Apple 2 79 17 444 310
3065654531.jpg Apple 2 84 134 252 366
3190306185.jpg Apple 2 321 257 373 299
3261774945.jpg Apple 2 64 20 397 231
3733440395.jpg Apple 2 12 127 74 196
3733440395.jpg Apple 2 41 62 143 162
3733440395.jpg Apple 2 80 5 206 106
3733440395.jpg Apple 2 186 155 227 200
3733440395.jpg Apple 2 225 155 252 184
3733440395.jpg Apple 2 227 248 262 278
3733440395.jpg Apple 2 229 201 262 234
3733440395.jpg Apple 2 247 227 270 254
3733440395.jpg Apple 2 252 191 275 213
3733440395.jpg Apple 2 253 301 280 323
3733440395.jpg Apple 2 276 290 292 304
3733440395.jpg Apple 2 283 269 302 284
3733440395.jpg Apple 2 284 10 316 45
3733440395.jpg Apple 2 287 307 314 325
3733440395.jpg Apple 2 297 291 312 309
3733440395.jpg Apple 2 304 277 321 292
3733440395.jpg Apple 2 309 297 326 312
3733440395.jpg Apple 2 325 240 346 264
3733440395.jpg Apple 2 329 299 351 319
3733440395.jpg Apple 2 334 65 361 99
3733440395.jpg Apple 2 350 232 379 256
3733440395.jpg Apple 2 356 58 389 80
3733440395.jpg Apple 2 371 280 396 308
3733440395.jpg Apple 2 395 291 423 313
3733440395.jpg Apple 2 406 159 419 172
3733440395.jpg Apple 2 438 276 462 317
2274089022.jpg Apple 3 178 47 313 244
4181108300.jpg Apple 3 152 271 170 292
418635708.jpg Apple 3 4 5 176 207
4211723460.jpg Apple 3 130 208 187 273
4749057567.jpg Apple 3 41 19 468 432
2401584750.jpg Apple 3 107 18 390 335
299768792.jpg Apple 3 126 68 415 260
3023420658.jpg Apple 3 171 115 298 237
4210274024.jpg Apple 3 143 13 384 224
442337651.jpg Apple 3 178 60 324 193
3006946827.jpg Apple 3 79 17 444 310
3065654531.jpg Apple 3 84 134 252 366
3190306185.jpg Apple 3 321 257 373 299
3261774945.jpg Apple 3 64 20 397 231
3733440395.jpg Apple 3 12 127 74 196
3733440395.jpg Apple 3 41 62 143 162
3733440395.jpg Apple 3 80 5 206 106
3733440395.jpg Apple 3 186 155 227 200
3733440395.jpg Apple 3 225 155 252 184
3733440395.jpg Apple 3 227 248 262 278
3733440395.jpg Apple 3 229 201 262 234
3733440395.jpg Apple 3 247 227 270 254
3733440395.jpg Apple 3 252 191 275 213
3733440395.jpg Apple 3 253 301 280 323
3733440395.jpg Apple 3 276 290 292 304
3733440395.jpg Apple 3 283 269 302 284
3733440395.jpg Apple 3 284 10 316 45
3733440395.jpg Apple 3 287 307 314 325
3733440395.jpg Apple 3 297 291 312 309
3733440395.jpg Apple 3 304 277 321 292
3733440395.jpg Apple 3 309 297 326 312
3733440395.jpg Apple 3 325 240 346 264
3733440395.jpg Apple 3 329 299 351 319
3733440395.jpg Apple 3 334 65 361 99
3733440395.jpg Apple 3 350 232 379 256
3733440395.jpg Apple 3 356 58 389 80
3733440395.jpg Apple 3 371 280 396 308
3733440395.jpg Apple 3 395 291 423 313
3733440395.jpg Apple 3 406 159 419 172
3733440395.jpg Apple 3 438 276 462 317
2425891764.jpg Apple 4 6 6 450 498
339296129.jpg Apple 4 106 56 400 273
3513049256.jpg Apple 4 179 65 304 206
3766774652.jpg Apple 4 86 41 400 254
4211723816.jpg Apple 4 110 157 175 229
2274089022.jpg Apple 4 178 47 313 244
4181108300.jpg Apple 4 152 271 170 292
418635708.jpg Apple 4 4 5 176 207
4211723460.jpg Apple 4 130 208 187 273
4749057567.jpg Apple 4 41 19 468 432
2401584750.jpg Apple 4 107 18 390 335
299768792.jpg Apple 4 126 68 415 260
3023420658.jpg Apple 4 171 115 298 237
4210274024.jpg Apple 4 143 13 384 224
442337651.jpg Apple 4 178 60 324 193
3006946827.jpg Apple 4 79 17 444 310
3065654531.jpg Apple 4 84 134 252 366
3190306185.jpg Apple 4 321 257 373 299
3261774945.jpg Apple 4 64 20 397 231
3733440395.jpg Apple 4 12 127 74 196
3733440395.jpg Apple 4 41 62 143 162
3733440395.jpg Apple 4 80 5 206 106
3733440395.jpg Apple 4 186 155 227 200
3733440395.jpg Apple 4 225 155 252 184
3733440395.jpg Apple 4 227 248 262 278
3733440395.jpg Apple 4 229 201 262 234
3733440395.jpg Apple 4 247 227 270 254
3733440395.jpg Apple 4 252 191 275 213
3733440395.jpg Apple 4 253 301 280 323
3733440395.jpg Apple 4 276 290 292 304
3733440395.jpg Apple 4 283 269 302 284
3733440395.jpg Apple 4 284 10 316 45
3733440395.jpg Apple 4 287 307 314 325
3733440395.jpg Apple 4 297 291 312 309
3733440395.jpg Apple 4 304 277 321 292
3733440395.jpg Apple 4 309 297 326 312
3733440395.jpg Apple 4 325 240 346 264
3733440395.jpg Apple 4 329 299 351 319
3733440395.jpg Apple 4 334 65 361 99
3733440395.jpg Apple 4 350 232 379 256
3733440395.jpg Apple 4 356 58 389 80
3733440395.jpg Apple 4 371 280 396 308
3733440395.jpg Apple 4 395 291 423 313
3733440395.jpg Apple 4 406 159 419 172
3733440395.jpg Apple 4 438 276 462 317
2270013615.jpg Apple 5 335 80 489 256
2795236586.jpg Apple 5 183 131 312 262
3187422169.jpg Apple 5 112 289 225 407
3652933741.jpg Apple 5 109 64 393 325
470289641.jpg Apple 5 133 108 188 162
470289641.jpg Apple 5 145 357 195 411
2425891764.jpg Apple 5 6 6 450 498
339296129.jpg Apple 5 106 56 400 273
3513049256.jpg Apple 5 179 65 304 206
3766774652.jpg Apple 5 86 41 400 254
4211723816.jpg Apple 5 110 157 175 229
2274089022.jpg Apple 5 178 47 313 244
4181108300.jpg Apple 5 152 271 170 292
418635708.jpg Apple 5 4 5 176 207
4211723460.jpg Apple 5 130 208 187 273
4749057567.jpg Apple 5 41 19 468 432
2401584750.jpg Apple 5 107 18 390 335
299768792.jpg Apple 5 126 68 415 260
3023420658.jpg Apple 5 171 115 298 237
4210274024.jpg Apple 5 143 13 384 224
442337651.jpg Apple 5 178 60 324 193
3006946827.jpg Apple 5 79 17 444 310
3065654531.jpg Apple 5 84 134 252 366
3190306185.jpg Apple 5 321 257 373 299
3261774945.jpg Apple 5 64 20 397 231
3733440395.jpg Apple 5 12 127 74 196
3733440395.jpg Apple 5 41 62 143 162
3733440395.jpg Apple 5 80 5 206 106
3733440395.jpg Apple 5 186 155 227 200
3733440395.jpg Apple 5 225 155 252 184
3733440395.jpg Apple 5 227 248 262 278
3733440395.jpg Apple 5 229 201 262 234
3733440395.jpg Apple 5 247 227 270 254
3733440395.jpg Apple 5 252 191 275 213
3733440395.jpg Apple 5 253 301 280 323
3733440395.jpg Apple 5 276 290 292 304
3733440395.jpg Apple 5 283 269 302 284
3733440395.jpg Apple 5 284 10 316 45
3733440395.jpg Apple 5 287 307 314 325
3733440395.jpg Apple 5 297 291 312 309
3733440395.jpg Apple 5 304 277 321 292
3733440395.jpg Apple 5 309 297 326 312
3733440395.jpg Apple 5 325 240 346 264
3733440395.jpg Apple 5 329 299 351 319
3733440395.jpg Apple 5 334 65 361 99
3733440395.jpg Apple 5 350 232 379 256
3733440395.jpg Apple 5 356 58 389 80
3733440395.jpg Apple 5 371 280 396 308
3733440395.jpg Apple 5 395 291 423 313
3733440395.jpg Apple 5 406 159 419 172
3733440395.jpg Apple 5 438 276 462 317
236248972.jpg Apple 6 205 118 292 231
2583801040.jpg Apple 6 85 10 472 296
3125626922.jpg Apple 6 181 94 337 238
354643240.jpg Apple 6 36 29 265 237
4211723698.jpg Apple 6 14 112 120 351
2270013615.jpg Apple 6 335 80 489 256
2795236586.jpg Apple 6 183 131 312 262
3187422169.jpg Apple 6 112 289 225 407
3652933741.jpg Apple 6 109 64 393 325
470289641.jpg Apple 6 133 108 188 162
470289641.jpg Apple 6 145 357 195 411
2425891764.jpg Apple 6 6 6 450 498
339296129.jpg Apple 6 106 56 400 273
3513049256.jpg Apple 6 179 65 304 206
3766774652.jpg Apple 6 86 41 400 254
4211723816.jpg Apple 6 110 157 175 229
2274089022.jpg Apple 6 178 47 313 244
4181108300.jpg Apple 6 152 271 170 292
418635708.jpg Apple 6 4 5 176 207
4211723460.jpg Apple 6 130 208 187 273
4749057567.jpg Apple 6 41 19 468 432
2401584750.jpg Apple 6 107 18 390 335
299768792.jpg Apple 6 126 68 415 260
3023420658.jpg Apple 6 171 115 298 237
4210274024.jpg Apple 6 143 13 384 224
442337651.jpg Apple 6 178 60 324 193
3006946827.jpg Apple 6 79 17 444 310
3065654531.jpg Apple 6 84 134 252 366
3190306185.jpg Apple 6 321 257 373 299
3261774945.jpg Apple 6 64 20 397 231
3733440395.jpg Apple 6 12 127 74 196
3733440395.jpg Apple 6 41 62 143 162
3733440395.jpg Apple 6 80 5 206 106
3733440395.jpg Apple 6 186 155 227 200
3733440395.jpg Apple 6 225 155 252 184
3733440395.jpg Apple 6 227 248 262 278
3733440395.jpg Apple 6 229 201 262 234
3733440395.jpg Apple 6 247 227 270 254
3733440395.jpg Apple 6 252 191 275 213
3733440395.jpg Apple 6 253 301 280 323
3733440395.jpg Apple 6 276 290 292 304
3733440395.jpg Apple 6 283 269 302 284
3733440395.jpg Apple 6 284 10 316 45
3733440395.jpg Apple 6 287 307 314 325
3733440395.jpg Apple 6 297 291 312 309
3733440395.jpg Apple 6 304 277 321 292
3733440395.jpg Apple 6 309 297 326 312
3733440395.jpg Apple 6 325 240 346 264
3733440395.jpg Apple 6 329 299 351 319
3733440395.jpg Apple 6 334 65 361 99
3733440395.jpg Apple 6 350 232 379 256
3733440395.jpg Apple 6 356 58 389 80
3733440395.jpg Apple 6 371 280 396 308
3733440395.jpg Apple 6 395 291 423 313
3733440395.jpg Apple 6 406 159 419 172
3733440395.jpg Apple 6 438 276 462 317
185712356.jpg BMW 1 63 78 456 373
2070616132.jpg BMW 1 81 6 360 270
3456463952.jpg BMW 1 42 39 315 469
427128537.jpg BMW 1 143 70 363 258
4698952282.jpg BMW 1 30 21 197 231
2237130264.jpg BMW 2 67 54 446 447
3333221097.jpg BMW 2 111 99 370 355
3726202356.jpg BMW 2 135 124 321 299
4329940418.jpg BMW 2 199 20 319 104
4585454903.jpg BMW 2 174 136 306 257
185712356.jpg BMW 2 63 78 456 373
2070616132.jpg BMW 2 81 6 360 270
3456463952.jpg BMW 2 42 39 315 469
427128537.jpg BMW 2 143 70 363 258
4698952282.jpg BMW 2 30 21 197 231
255547402.jpg BMW 3 259 27 390 127
3343182248.jpg BMW 3 69 11 429 356
3369741917.jpg BMW 3 41 135 448 400
3739623921.jpg BMW 3 43 4 438 398
4253420625.jpg BMW 3 27 32 477 459
2237130264.jpg BMW 3 67 54 446 447
3333221097.jpg BMW 3 111 99 370 355
3726202356.jpg BMW 3 135 124 321 299
4329940418.jpg BMW 3 199 20 319 104
4585454903.jpg BMW 3 174 136 306 257
185712356.jpg BMW 3 63 78 456 373
2070616132.jpg BMW 3 81 6 360 270
3456463952.jpg BMW 3 42 39 315 469
427128537.jpg BMW 3 143 70 363 258
4698952282.jpg BMW 3 30 21 197 231
2725772074.jpg BMW 4 80 220 306 369
2725772074.jpg BMW 4 118 73 272 187
2725772074.jpg BMW 4 324 3 484 76
2725772074.jpg BMW 4 324 111 495 241
2725772074.jpg BMW 4 349 279 490 372
2874574766.jpg BMW 4 106 20 496 364
2978106177.jpg BMW 4 44 40 396 336
3218275786.jpg BMW 4 92 2 304 298
4559760305.jpg BMW 4 313 15 486 180
255547402.jpg BMW 4 259 27 390 127
3343182248.jpg BMW 4 69 11 429 356
3369741917.jpg BMW 4 41 135 448 400
3739623921.jpg BMW 4 43 4 438 398
4253420625.jpg BMW 4 27 32 477 459
2237130264.jpg BMW 4 67 54 446 447
3333221097.jpg BMW 4 111 99 370 355
3726202356.jpg BMW 4 135 124 321 299
4329940418.jpg BMW 4 199 20 319 104
4585454903.jpg BMW 4 174 136 306 257
185712356.jpg BMW 4 63 78 456 373
2070616132.jpg BMW 4 81 6 360 270
3456463952.jpg BMW 4 42 39 315 469
427128537.jpg BMW 4 143 70 363 258
4698952282.jpg BMW 4 30 21 197 231
2789662807.jpg BMW 5 33 10 114 74
2789664089.jpg BMW 5 74 122 226 243
2789664089.jpg BMW 5 256 93 385 193
3089967648.jpg BMW 5 156 180 366 357
3621549337.jpg BMW 5 120 56 383 301
4400566703.jpg BMW 5 144 282 237 359
2725772074.jpg BMW 5 80 220 306 369
2725772074.jpg BMW 5 118 73 272 187
2725772074.jpg BMW 5 324 3 484 76
2725772074.jpg BMW 5 324 111 495 241
2725772074.jpg BMW 5 349 279 490 372
2874574766.jpg BMW 5 106 20 496 364
2978106177.jpg BMW 5 44 40 396 336
3218275786.jpg BMW 5 92 2 304 298
4559760305.jpg BMW 5 313 15 486 180
255547402.jpg BMW 5 259 27 390 127
3343182248.jpg BMW 5 69 11 429 356
3369741917.jpg BMW 5 41 135 448 400
3739623921.jpg BMW 5 43 4 438 398
4253420625.jpg BMW 5 27 32 477 459
2237130264.jpg BMW 5 67 54 446 447
3333221097.jpg BMW 5 111 99 370 355
3726202356.jpg BMW 5 135 124 321 299
4329940418.jpg BMW 5 199 20 319 104
4585454903.jpg BMW 5 174 136 306 257
185712356.jpg BMW 5 63 78 456 373
2070616132.jpg BMW 5 81 6 360 270
3456463952.jpg BMW 5 42 39 315 469
427128537.jpg BMW 5 143 70 363 258
4698952282.jpg BMW 5 30 21 197 231
2790511610.jpg BMW 6 123 71 354 277
3625726534.jpg BMW 6 59 43 283 266
3665300694.jpg BMW 6 183 126 342 216
4435973547.jpg BMW 6 1 1 313 325
4618294181.jpg BMW 6 167 81 424 290
2789662807.jpg BMW 6 33 10 114 74
2789664089.jpg BMW 6 74 122 226 243
2789664089.jpg BMW 6 256 93 385 193
3089967648.jpg BMW 6 156 180 366 357
3621549337.jpg BMW 6 120 56 383 301
4400566703.jpg BMW 6 144 282 237 359
2725772074.jpg BMW 6 80 220 306 369
2725772074.jpg BMW 6 118 73 272 187
2725772074.jpg BMW 6 324 3 484 76
2725772074.jpg BMW 6 324 111 495 241
2725772074.jpg BMW 6 349 279 490 372
2874574766.jpg BMW 6 106 20 496 364
2978106177.jpg BMW 6 44 40 396 336
3218275786.jpg BMW 6 92 2 304 298
4559760305.jpg BMW 6 313 15 486 180
255547402.jpg BMW 6 259 27 390 127
3343182248.jpg BMW 6 69 11 429 356
3369741917.jpg BMW 6 41 135 448 400
3739623921.jpg BMW 6 43 4 438 398
4253420625.jpg BMW 6 27 32 477 459
2237130264.jpg BMW 6 67 54 446 447
3333221097.jpg BMW 6 111 99 370 355
3726202356.jpg BMW 6 135 124 321 299
4329940418.jpg BMW 6 199 20 319 104
4585454903.jpg BMW 6 174 136 306 257
185712356.jpg BMW 6 63 78 456 373
2070616132.jpg BMW 6 81 6 360 270
3456463952.jpg BMW 6 42 39 315 469
427128537.jpg BMW 6 143 70 363 258
4698952282.jpg BMW 6 30 21 197 231
2080839955.jpg Citroen 1 56 126 363 367
2846084211.jpg Citroen 1 143 69 201 117
3099884211.jpg Citroen 1 132 99 349 269
3369768399.jpg Citroen 1 111 220 227 369
3577850173.jpg Citroen 1 16 243 64 276
3577850173.jpg Citroen 1 17 57 66 107
3577850173.jpg Citroen 1 24 147 62 181
3577850173.jpg Citroen 1 98 141 154 187
3577850173.jpg Citroen 1 102 228 156 278
3577850173.jpg Citroen 1 113 62 144 88
3577850173.jpg Citroen 1 193 234 234 272
3577850173.jpg Citroen 1 196 61 231 98
3577850173.jpg Citroen 1 203 153 227 171
3577850173.jpg Citroen 1 274 48 323 94
3577850173.jpg Citroen 1 274 142 323 188
3577850173.jpg Citroen 1 284 246 317 276
3577850173.jpg Citroen 1 358 247 368 259
3577850173.jpg Citroen 1 365 54 406 96
3577850173.jpg Citroen 1 451 241 488 269
3577850173.jpg Citroen 1 452 63 486 95
2674622648.jpg Citroen 2 169 159 330 280
3534174626.jpg Citroen 2 252 175 282 193
4129431162.jpg Citroen 2 110 44 396 310
4199842585.jpg Citroen 2 131 29 358 268
4253102363.jpg Citroen 2 28 86 438 389
4253102363.jpg Citroen 2 82 99 401 311
2080839955.jpg Citroen 2 56 126 363 367
2846084211.jpg Citroen 2 143 69 201 117
3099884211.jpg Citroen 2 132 99 349 269
3369768399.jpg Citroen 2 111 220 227 369
3577850173.jpg Citroen 2 16 243 64 276
3577850173.jpg Citroen 2 17 57 66 107
3577850173.jpg Citroen 2 24 147 62 181
3577850173.jpg Citroen 2 98 141 154 187
3577850173.jpg Citroen 2 102 228 156 278
3577850173.jpg Citroen 2 113 62 144 88
3577850173.jpg Citroen 2 193 234 234 272
3577850173.jpg Citroen 2 196 61 231 98
3577850173.jpg Citroen 2 203 153 227 171
3577850173.jpg Citroen 2 274 48 323 94
3577850173.jpg Citroen 2 274 142 323 188
3577850173.jpg Citroen 2 284 246 317 276
3577850173.jpg Citroen 2 358 247 368 259
3577850173.jpg Citroen 2 365 54 406 96
3577850173.jpg Citroen 2 451 241 488 269
3577850173.jpg Citroen 2 452 63 486 95
108232382.jpg Citroen 3 75 29 426 305
2950778833.jpg Citroen 3 40 37 440 374
3256349355.jpg Citroen 3 104 78 345 232
3256349355.jpg Citroen 3 151 100 375 284
3415435326.jpg Citroen 3 158 104 331 249
4233825758.jpg Citroen 3 73 44 462 403
2674622648.jpg Citroen 3 169 159 330 280
3534174626.jpg Citroen 3 252 175 282 193
4129431162.jpg Citroen 3 110 44 396 310
4199842585.jpg Citroen 3 131 29 358 268
4253102363.jpg Citroen 3 28 86 438 389
4253102363.jpg Citroen 3 82 99 401 311
2080839955.jpg Citroen 3 56 126 363 367
2846084211.jpg Citroen 3 143 69 201 117
3099884211.jpg Citroen 3 132 99 349 269
3369768399.jpg Citroen 3 111 220 227 369
3577850173.jpg Citroen 3 16 243 64 276
3577850173.jpg Citroen 3 17 57 66 107
3577850173.jpg Citroen 3 24 147 62 181
3577850173.jpg Citroen 3 98 141 154 187
3577850173.jpg Citroen 3 102 228 156 278
3577850173.jpg Citroen 3 113 62 144 88
3577850173.jpg Citroen 3 193 234 234 272
3577850173.jpg Citroen 3 196 61 231 98
3577850173.jpg Citroen 3 203 153 227 171
3577850173.jpg Citroen 3 274 48 323 94
3577850173.jpg Citroen 3 274 142 323 188
3577850173.jpg Citroen 3 284 246 317 276
3577850173.jpg Citroen 3 358 247 368 259
3577850173.jpg Citroen 3 365 54 406 96
3577850173.jpg Citroen 3 451 241 488 269
3577850173.jpg Citroen 3 452 63 486 95
2445745857.jpg Citroen 4 48 88 201 165
3382280605.jpg Citroen 4 30 12 454 475
4226875900.jpg Citroen 4 185 48 404 229
4226875900.jpg Citroen 4 363 240 430 328
4370721779.jpg Citroen 4 24 2 301 284
4449281604.jpg Citroen 4 80 30 395 329
108232382.jpg Citroen 4 75 29 426 305
2950778833.jpg Citroen 4 40 37 440 374
3256349355.jpg Citroen 4 104 78 345 232
3256349355.jpg Citroen 4 151 100 375 284
3415435326.jpg Citroen 4 158 104 331 249
4233825758.jpg Citroen 4 73 44 462 403
2674622648.jpg Citroen 4 169 159 330 280
3534174626.jpg Citroen 4 252 175 282 193
4129431162.jpg Citroen 4 110 44 396 310
4199842585.jpg Citroen 4 131 29 358 268
4253102363.jpg Citroen 4 28 86 438 389
4253102363.jpg Citroen 4 82 99 401 311
2080839955.jpg Citroen 4 56 126 363 367
2846084211.jpg Citroen 4 143 69 201 117
3099884211.jpg Citroen 4 132 99 349 269
3369768399.jpg Citroen 4 111 220 227 369
3577850173.jpg Citroen 4 16 243 64 276
3577850173.jpg Citroen 4 17 57 66 107
3577850173.jpg Citroen 4 24 147 62 181
3577850173.jpg Citroen 4 98 141 154 187
3577850173.jpg Citroen 4 102 228 156 278
3577850173.jpg Citroen 4 113 62 144 88
3577850173.jpg Citroen 4 193 234 234 272
3577850173.jpg Citroen 4 196 61 231 98
3577850173.jpg Citroen 4 203 153 227 171
3577850173.jpg Citroen 4 274 48 323 94
3577850173.jpg Citroen 4 274 142 323 188
3577850173.jpg Citroen 4 284 246 317 276
3577850173.jpg Citroen 4 358 247 368 259
3577850173.jpg Citroen 4 365 54 406 96
3577850173.jpg Citroen 4 451 241 488 269
3577850173.jpg Citroen 4 452 63 486 95
1107796028.jpg Citroen 5 111 250 262 372
3378307349.jpg Citroen 5 34 22 297 479
3981421654.jpg Citroen 5 216 37 279 78
399293334.jpg Citroen 5 38 4 164 126
4720150629.jpg Citroen 5 89 58 368 229
2445745857.jpg Citroen 5 48 88 201 165
3382280605.jpg Citroen 5 30 12 454 475
4226875900.jpg Citroen 5 185 48 404 229
4226875900.jpg Citroen 5 363 240 430 328
4370721779.jpg Citroen 5 24 2 301 284
4449281604.jpg Citroen 5 80 30 395 329
108232382.jpg Citroen 5 75 29 426 305
2950778833.jpg Citroen 5 40 37 440 374
3256349355.jpg Citroen 5 104 78 345 232
3256349355.jpg Citroen 5 151 100 375 284
3415435326.jpg Citroen 5 158 104 331 249
4233825758.jpg Citroen 5 73 44 462 403
2674622648.jpg Citroen 5 169 159 330 280
3534174626.jpg Citroen 5 252 175 282 193
4129431162.jpg Citroen 5 110 44 396 310
4199842585.jpg Citroen 5 131 29 358 268
4253102363.jpg Citroen 5 28 86 438 389
4253102363.jpg Citroen 5 82 99 401 311
2080839955.jpg Citroen 5 56 126 363 367
2846084211.jpg Citroen 5 143 69 201 117
3099884211.jpg Citroen 5 132 99 349 269
3369768399.jpg Citroen 5 111 220 227 369
3577850173.jpg Citroen 5 16 243 64 276
3577850173.jpg Citroen 5 17 57 66 107
3577850173.jpg Citroen 5 24 147 62 181
3577850173.jpg Citroen 5 98 141 154 187
3577850173.jpg Citroen 5 102 228 156 278
3577850173.jpg Citroen 5 113 62 144 88
3577850173.jpg Citroen 5 193 234 234 272
3577850173.jpg Citroen 5 196 61 231 98
3577850173.jpg Citroen 5 203 153 227 171
3577850173.jpg Citroen 5 274 48 323 94
3577850173.jpg Citroen 5 274 142 323 188
3577850173.jpg Citroen 5 284 246 317 276
3577850173.jpg Citroen 5 358 247 368 259
3577850173.jpg Citroen 5 365 54 406 96
3577850173.jpg Citroen 5 451 241 488 269
3577850173.jpg Citroen 5 452 63 486 95
2121332821.jpg Citroen 6 223 53 456 299
3259516433.jpg Citroen 6 25 12 195 216
3259516433.jpg Citroen 6 31 20 185 170
3259516433.jpg Citroen 6 215 14 479 220
3259516433.jpg Citroen 6 268 30 435 172
3386936621.jpg Citroen 6 90 25 257 191
4743157495.jpg Citroen 6 9 168 187 309
653466096.jpg Citroen 6 117 97 225 231
1107796028.jpg Citroen 6 111 250 262 372
3378307349.jpg Citroen 6 34 22 297 479
3981421654.jpg Citroen 6 216 37 279 78
399293334.jpg Citroen 6 38 4 164 126
4720150629.jpg Citroen 6 89 58 368 229
2445745857.jpg Citroen 6 48 88 201 165
3382280605.jpg Citroen 6 30 12 454 475
4226875900.jpg Citroen 6 185 48 404 229
4226875900.jpg Citroen 6 363 240 430 328
4370721779.jpg Citroen 6 24 2 301 284
4449281604.jpg Citroen 6 80 30 395 329
108232382.jpg Citroen 6 75 29 426 305
2950778833.jpg Citroen 6 40 37 440 374
3256349355.jpg Citroen 6 104 78 345 232
3256349355.jpg Citroen 6 151 100 375 284
3415435326.jpg Citroen 6 158 104 331 249
4233825758.jpg Citroen 6 73 44 462 403
2674622648.jpg Citroen 6 169 159 330 280
3534174626.jpg Citroen 6 252 175 282 193
4129431162.jpg Citroen 6 110 44 396 310
4199842585.jpg Citroen 6 131 29 358 268
4253102363.jpg Citroen 6 28 86 438 389
4253102363.jpg Citroen 6 82 99 401 311
2080839955.jpg Citroen 6 56 126 363 367
2846084211.jpg Citroen 6 143 69 201 117
3099884211.jpg Citroen 6 132 99 349 269
3369768399.jpg Citroen 6 111 220 227 369
3577850173.jpg Citroen 6 16 243 64 276
3577850173.jpg Citroen 6 17 57 66 107
3577850173.jpg Citroen 6 24 147 62 181
3577850173.jpg Citroen 6 98 141 154 187
3577850173.jpg Citroen 6 102 228 156 278
3577850173.jpg Citroen 6 113 62 144 88
3577850173.jpg Citroen 6 193 234 234 272
3577850173.jpg Citroen 6 196 61 231 98
3577850173.jpg Citroen 6 203 153 227 171
3577850173.jpg Citroen 6 274 48 323 94
3577850173.jpg Citroen 6 274 142 323 188
3577850173.jpg Citroen 6 284 246 317 276
3577850173.jpg Citroen 6 358 247 368 259
3577850173.jpg Citroen 6 365 54 406 96
3577850173.jpg Citroen 6 451 241 488 269
3577850173.jpg Citroen 6 452 63 486 95
132888485.jpg Cocacola 1 4 1 494 496
3289829246.jpg Cocacola 1 1 1 128 43
391805226.jpg Cocacola 1 94 159 174 275
4448830339.jpg Cocacola 1 209 6 238 19
4512438754.jpg Cocacola 1 151 109 279 158
1354674694.jpg Cocacola 2 11 16 110 76
18945268.jpg Cocacola 2 1 246 72 282
18945268.jpg Cocacola 2 3 83 75 121
18945268.jpg Cocacola 2 3 164 70 201
18945268.jpg Cocacola 2 3 326 63 362
18945268.jpg Cocacola 2 75 326 150 351
18945268.jpg Cocacola 2 77 158 157 199
18945268.jpg Cocacola 2 79 3 157 39
18945268.jpg Cocacola 2 79 238 157 278
18945268.jpg Cocacola 2 82 80 160 118
18945268.jpg Cocacola 2 165 320 245 351
18945268.jpg Cocacola 2 166 75 248 116
18945268.jpg Cocacola 2 167 177 245 223
18945268.jpg Cocacola 2 167 237 248 277
18945268.jpg Cocacola 2 173 6 246 33
18945268.jpg Cocacola 2 205 399 256 422
18945268.jpg Cocacola 2 252 232 332 272
18945268.jpg Cocacola 2 253 317 328 348
18945268.jpg Cocacola 2 254 71 331 118
18945268.jpg Cocacola 2 254 175 329 219
18945268.jpg Cocacola 2 256 3 330 34
18945268.jpg Cocacola 2 269 390 339 422
18945268.jpg Cocacola 2 336 73 413 112
18945268.jpg Cocacola 2 336 149 411 190
18945268.jpg Cocacola 2 338 234 415 265
18945268.jpg Cocacola 2 341 312 418 340
18945268.jpg Cocacola 2 357 389 391 423
18945268.jpg Cocacola 2 419 145 494 187
18945268.jpg Cocacola 2 419 226 495 261
18945268.jpg Cocacola 2 423 64 496 113
18945268.jpg Cocacola 2 428 301 496 340
233507685.jpg Cocacola 2 36 119 309 243
2435021305.jpg Cocacola 2 30 112 352 270
332913436.jpg Cocacola 2 84 194 174 236
132888485.jpg Cocacola 2 4 1 494 496
3289829246.jpg Cocacola 2 1 1 128 43
391805226.jpg Cocacola 2 94 159 174 275
4448830339.jpg Cocacola 2 209 6 238 19
4512438754.jpg Cocacola 2 151 109 279 158
2435838064.jpg Cocacola 3 6 6 320 345
2962045.jpg Cocacola 3 207 57 385 210
4023480867.jpg Cocacola 3 19 232 345 405
4162347545.jpg Cocacola 3 57 180 302 263
4427242482.jpg Cocacola 3 6 84 305 206
1354674694.jpg Cocacola 3 11 16 110 76
18945268.jpg Cocacola 3 1 246 72 282
18945268.jpg Cocacola 3 3 83 75 121
18945268.jpg Cocacola 3 3 164 70 201
18945268.jpg Cocacola 3 3 326 63 362
18945268.jpg Cocacola 3 75 326 150 351
18945268.jpg Cocacola 3 77 158 157 199
18945268.jpg Cocacola 3 79 3 157 39
18945268.jpg Cocacola 3 79 238 157 278
18945268.jpg Cocacola 3 82 80 160 118
18945268.jpg Cocacola 3 165 320 245 351
18945268.jpg Cocacola 3 166 75 248 116
18945268.jpg Cocacola 3 167 177 245 223
18945268.jpg Cocacola 3 167 237 248 277
18945268.jpg Cocacola 3 173 6 246 33
18945268.jpg Cocacola 3 205 399 256 422
18945268.jpg Cocacola 3 252 232 332 272
18945268.jpg Cocacola 3 253 317 328 348
18945268.jpg Cocacola 3 254 71 331 118
18945268.jpg Cocacola 3 254 175 329 219
18945268.jpg Cocacola 3 256 3 330 34
18945268.jpg Cocacola 3 269 390 339 422
18945268.jpg Cocacola 3 336 73 413 112
18945268.jpg Cocacola 3 336 149 411 190
18945268.jpg Cocacola 3 338 234 415 265
18945268.jpg Cocacola 3 341 312 418 340
18945268.jpg Cocacola 3 357 389 391 423
18945268.jpg Cocacola 3 419 145 494 187
18945268.jpg Cocacola 3 419 226 495 261
18945268.jpg Cocacola 3 423 64 496 113
18945268.jpg Cocacola 3 428 301 496 340
233507685.jpg Cocacola 3 36 119 309 243
2435021305.jpg Cocacola 3 30 112 352 270
332913436.jpg Cocacola 3 84 194 174 236
132888485.jpg Cocacola 3 4 1 494 496
3289829246.jpg Cocacola 3 1 1 128 43
391805226.jpg Cocacola 3 94 159 174 275
4448830339.jpg Cocacola 3 209 6 238 19
4512438754.jpg Cocacola 3 151 109 279 158
194328418.jpg Cocacola 4 90 3 181 45
246526320.jpg Cocacola 4 220 121 255 157
2476100758.jpg Cocacola 4 48 130 253 222
4200918689.jpg Cocacola 4 2 3 492 159
542894584.jpg Cocacola 4 125 307 171 335
542894584.jpg Cocacola 4 126 190 172 217
542894584.jpg Cocacola 4 128 133 178 159
542894584.jpg Cocacola 4 128 249 171 275
542894584.jpg Cocacola 4 231 248 278 278
542894584.jpg Cocacola 4 232 131 280 160
542894584.jpg Cocacola 4 235 193 282 217
2435838064.jpg Cocacola 4 6 6 320 345
2962045.jpg Cocacola 4 207 57 385 210
4023480867.jpg Cocacola 4 19 232 345 405
4162347545.jpg Cocacola 4 57 180 302 263
4427242482.jpg Cocacola 4 6 84 305 206
1354674694.jpg Cocacola 4 11 16 110 76
18945268.jpg Cocacola 4 1 246 72 282
18945268.jpg Cocacola 4 3 83 75 121
18945268.jpg Cocacola 4 3 164 70 201
18945268.jpg Cocacola 4 3 326 63 362
18945268.jpg Cocacola 4 75 326 150 351
18945268.jpg Cocacola 4 77 158 157 199
18945268.jpg Cocacola 4 79 3 157 39
18945268.jpg Cocacola 4 79 238 157 278
18945268.jpg Cocacola 4 82 80 160 118
18945268.jpg Cocacola 4 165 320 245 351
18945268.jpg Cocacola 4 166 75 248 116
18945268.jpg Cocacola 4 167 177 245 223
18945268.jpg Cocacola 4 167 237 248 277
18945268.jpg Cocacola 4 173 6 246 33
18945268.jpg Cocacola 4 205 399 256 422
18945268.jpg Cocacola 4 252 232 332 272
18945268.jpg Cocacola 4 253 317 328 348
18945268.jpg Cocacola 4 254 71 331 118
18945268.jpg Cocacola 4 254 175 329 219
18945268.jpg Cocacola 4 256 3 330 34
18945268.jpg Cocacola 4 269 390 339 422
18945268.jpg Cocacola 4 336 73 413 112
18945268.jpg Cocacola 4 336 149 411 190
18945268.jpg Cocacola 4 338 234 415 265
18945268.jpg Cocacola 4 341 312 418 340
18945268.jpg Cocacola 4 357 389 391 423
18945268.jpg Cocacola 4 419 145 494 187
18945268.jpg Cocacola 4 419 226 495 261
18945268.jpg Cocacola 4 423 64 496 113
18945268.jpg Cocacola 4 428 301 496 340
233507685.jpg Cocacola 4 36 119 309 243
2435021305.jpg Cocacola 4 30 112 352 270
332913436.jpg Cocacola 4 84 194 174 236
132888485.jpg Cocacola 4 4 1 494 496
3289829246.jpg Cocacola 4 1 1 128 43
391805226.jpg Cocacola 4 94 159 174 275
4448830339.jpg Cocacola 4 209 6 238 19
4512438754.jpg Cocacola 4 151 109 279 158
1485104539.jpg Cocacola 5 207 66 441 189
2940596257.jpg Cocacola 5 66 99 425 291
3759339764.jpg Cocacola 5 128 11 187 36
3759339764.jpg Cocacola 5 129 467 190 493
3953073564.jpg Cocacola 5 2 4 302 103
3953073564.jpg Cocacola 5 173 131 497 231
474572183.jpg Cocacola 5 447 149 494 185
194328418.jpg Cocacola 5 90 3 181 45
246526320.jpg Cocacola 5 220 121 255 157
2476100758.jpg Cocacola 5 48 130 253 222
4200918689.jpg Cocacola 5 2 3 492 159
542894584.jpg Cocacola 5 125 307 171 335
542894584.jpg Cocacola 5 126 190 172 217
542894584.jpg Cocacola 5 128 133 178 159
542894584.jpg Cocacola 5 128 249 171 275
542894584.jpg Cocacola 5 231 248 278 278
542894584.jpg Cocacola 5 232 131 280 160
542894584.jpg Cocacola 5 235 193 282 217
2435838064.jpg Cocacola 5 6 6 320 345
2962045.jpg Cocacola 5 207 57 385 210
4023480867.jpg Cocacola 5 19 232 345 405
4162347545.jpg Cocacola 5 57 180 302 263
4427242482.jpg Cocacola 5 6 84 305 206
1354674694.jpg Cocacola 5 11 16 110 76
18945268.jpg Cocacola 5 1 246 72 282
18945268.jpg Cocacola 5 3 83 75 121
18945268.jpg Cocacola 5 3 164 70 201
18945268.jpg Cocacola 5 3 326 63 362
18945268.jpg Cocacola 5 75 326 150 351
18945268.jpg Cocacola 5 77 158 157 199
18945268.jpg Cocacola 5 79 3 157 39
18945268.jpg Cocacola 5 79 238 157 278
18945268.jpg Cocacola 5 82 80 160 118
18945268.jpg Cocacola 5 165 320 245 351
18945268.jpg Cocacola 5 166 75 248 116
18945268.jpg Cocacola 5 167 177 245 223
18945268.jpg Cocacola 5 167 237 248 277
18945268.jpg Cocacola 5 173 6 246 33
18945268.jpg Cocacola 5 205 399 256 422
18945268.jpg Cocacola 5 252 232 332 272
18945268.jpg Cocacola 5 253 317 328 348
18945268.jpg Cocacola 5 254 71 331 118
18945268.jpg Cocacola 5 254 175 329 219
18945268.jpg Cocacola 5 256 3 330 34
18945268.jpg Cocacola 5 269 390 339 422
18945268.jpg Cocacola 5 336 73 413 112
18945268.jpg Cocacola 5 336 149 411 190
18945268.jpg Cocacola 5 338 234 415 265
18945268.jpg Cocacola 5 341 312 418 340
18945268.jpg Cocacola 5 357 389 391 423
18945268.jpg Cocacola 5 419 145 494 187
18945268.jpg Cocacola 5 419 226 495 261
18945268.jpg Cocacola 5 423 64 496 113
18945268.jpg Cocacola 5 428 301 496 340
233507685.jpg Cocacola 5 36 119 309 243
2435021305.jpg Cocacola 5 30 112 352 270
332913436.jpg Cocacola 5 84 194 174 236
132888485.jpg Cocacola 5 4 1 494 496
3289829246.jpg Cocacola 5 1 1 128 43
391805226.jpg Cocacola 5 94 159 174 275
4448830339.jpg Cocacola 5 209 6 238 19
4512438754.jpg Cocacola 5 151 109 279 158
128500912.jpg Cocacola 6 110 118 317 212
128500912.jpg Cocacola 6 318 175 423 234
3171215617.jpg Cocacola 6 94 5 323 275
3171215617.jpg Cocacola 6 329 2 466 275
386268634.jpg Cocacola 6 117 227 165 255
386268634.jpg Cocacola 6 117 285 165 313
386268634.jpg Cocacola 6 118 170 165 196
386268634.jpg Cocacola 6 118 345 165 368
386268634.jpg Cocacola 6 223 289 272 313
386268634.jpg Cocacola 6 225 227 270 253
386268634.jpg Cocacola 6 226 173 271 197
4451970390.jpg Cocacola 6 14 77 491 294
87630579.jpg Cocacola 6 12 267 172 352
1485104539.jpg Cocacola 6 207 66 441 189
2940596257.jpg Cocacola 6 66 99 425 291
3759339764.jpg Cocacola 6 128 11 187 36
3759339764.jpg Cocacola 6 129 467 190 493
3953073564.jpg Cocacola 6 2 4 302 103
3953073564.jpg Cocacola 6 173 131 497 231
474572183.jpg Cocacola 6 447 149 494 185
194328418.jpg Cocacola 6 90 3 181 45
246526320.jpg Cocacola 6 220 121 255 157
2476100758.jpg Cocacola 6 48 130 253 222
4200918689.jpg Cocacola 6 2 3 492 159
542894584.jpg Cocacola 6 125 307 171 335
542894584.jpg Cocacola 6 126 190 172 217
542894584.jpg Cocacola 6 128 133 178 159
542894584.jpg Cocacola 6 128 249 171 275
542894584.jpg Cocacola 6 231 248 278 278
542894584.jpg Cocacola 6 232 131 280 160
542894584.jpg Cocacola 6 235 193 282 217
2435838064.jpg Cocacola 6 6 6 320 345
2962045.jpg Cocacola 6 207 57 385 210
4023480867.jpg Cocacola 6 19 232 345 405
4162347545.jpg Cocacola 6 57 180 302 263
4427242482.jpg Cocacola 6 6 84 305 206
1354674694.jpg Cocacola 6 11 16 110 76
18945268.jpg Cocacola 6 1 246 72 282
18945268.jpg Cocacola 6 3 83 75 121
18945268.jpg Cocacola 6 3 164 70 201
18945268.jpg Cocacola 6 3 326 63 362
18945268.jpg Cocacola 6 75 326 150 351
18945268.jpg Cocacola 6 77 158 157 199
18945268.jpg Cocacola 6 79 3 157 39
18945268.jpg Cocacola 6 79 238 157 278
18945268.jpg Cocacola 6 82 80 160 118
18945268.jpg Cocacola 6 165 320 245 351
18945268.jpg Cocacola 6 166 75 248 116
18945268.jpg Cocacola 6 167 177 245 223
18945268.jpg Cocacola 6 167 237 248 277
18945268.jpg Cocacola 6 173 6 246 33
18945268.jpg Cocacola 6 205 399 256 422
18945268.jpg Cocacola 6 252 232 332 272
18945268.jpg Cocacola 6 253 317 328 348
18945268.jpg Cocacola 6 254 71 331 118
18945268.jpg Cocacola 6 254 175 329 219
18945268.jpg Cocacola 6 256 3 330 34
18945268.jpg Cocacola 6 269 390 339 422
18945268.jpg Cocacola 6 336 73 413 112
18945268.jpg Cocacola 6 336 149 411 190
18945268.jpg Cocacola 6 338 234 415 265
18945268.jpg Cocacola 6 341 312 418 340
18945268.jpg Cocacola 6 357 389 391 423
18945268.jpg Cocacola 6 419 145 494 187
18945268.jpg Cocacola 6 419 226 495 261
18945268.jpg Cocacola 6 423 64 496 113
18945268.jpg Cocacola 6 428 301 496 340
233507685.jpg Cocacola 6 36 119 309 243
2435021305.jpg Cocacola 6 30 112 352 270
332913436.jpg Cocacola 6 84 194 174 236
132888485.jpg Cocacola 6 4 1 494 496
3289829246.jpg Cocacola 6 1 1 128 43
391805226.jpg Cocacola 6 94 159 174 275
4448830339.jpg Cocacola 6 209 6 238 19
4512438754.jpg Cocacola 6 151 109 279 158
1412494805.jpg DHL 1 45 281 175 323
1412494805.jpg DHL 1 299 158 335 219
159166596.jpg DHL 1 146 136 289 177
2209126349.jpg DHL 1 17 81 125 171
3765988249.jpg DHL 1 33 239 136 266
4764653103.jpg DHL 1 144 147 178 163
4764653103.jpg DHL 1 255 121 336 178
3193687005.jpg DHL 2 30 50 415 135
3422008846.jpg DHL 2 17 12 481 101
436255718.jpg DHL 2 87 132 199 177
455162201.jpg DHL 2 2 1 153 20
51660550.jpg DHL 2 370 185 497 231
1412494805.jpg DHL 2 45 281 175 323
1412494805.jpg DHL 2 299 158 335 219
159166596.jpg DHL 2 146 136 289 177
2209126349.jpg DHL 2 17 81 125 171
3765988249.jpg DHL 2 33 239 136 266
4764653103.jpg DHL 2 144 147 178 163
4764653103.jpg DHL 2 255 121 336 178
2792076321.jpg DHL 3 2 130 498 331
3468967682.jpg DHL 3 12 60 485 205
3697311253.jpg DHL 3 148 270 322 305
3828086787.jpg DHL 3 6 3 143 44
4316401444.jpg DHL 3 84 94 187 164
3193687005.jpg DHL 3 30 50 415 135
3422008846.jpg DHL 3 17 12 481 101
436255718.jpg DHL 3 87 132 199 177
455162201.jpg DHL 3 2 1 153 20
51660550.jpg DHL 3 370 185 497 231
1412494805.jpg DHL 3 45 281 175 323
1412494805.jpg DHL 3 299 158 335 219
159166596.jpg DHL 3 146 136 289 177
2209126349.jpg DHL 3 17 81 125 171
3765988249.jpg DHL 3 33 239 136 266
4764653103.jpg DHL 3 144 147 178 163
4764653103.jpg DHL 3 255 121 336 178
2090094285.jpg DHL 4 1 2 84 17
2329810624.jpg DHL 4 13 5 486 113
2989750063.jpg DHL 4 2 5 145 52
4669468410.jpg DHL 4 6 1 486 99
51660551.jpg DHL 4 286 263 444 317
2792076321.jpg DHL 4 2 130 498 331
3468967682.jpg DHL 4 12 60 485 205
3697311253.jpg DHL 4 148 270 322 305
3828086787.jpg DHL 4 6 3 143 44
4316401444.jpg DHL 4 84 94 187 164
3193687005.jpg DHL 4 30 50 415 135
3422008846.jpg DHL 4 17 12 481 101
436255718.jpg DHL 4 87 132 199 177
455162201.jpg DHL 4 2 1 153 20
51660550.jpg DHL 4 370 185 497 231
1412494805.jpg DHL 4 45 281 175 323
1412494805.jpg DHL 4 299 158 335 219
159166596.jpg DHL 4 146 136 289 177
2209126349.jpg DHL 4 17 81 125 171
3765988249.jpg DHL 4 33 239 136 266
4764653103.jpg DHL 4 144 147 178 163
4764653103.jpg DHL 4 255 121 336 178
2180293872.jpg DHL 5 11 30 477 122
2350505168.jpg DHL 5 84 130 121 154
321721915.jpg DHL 5 56 278 310 336
3788581334.jpg DHL 5 27 4 474 104
4599548273.jpg DHL 5 1 2 131 38
2090094285.jpg DHL 5 1 2 84 17
2329810624.jpg DHL 5 13 5 486 113
2989750063.jpg DHL 5 2 5 145 52
4669468410.jpg DHL 5 6 1 486 99
51660551.jpg DHL 5 286 263 444 317
2792076321.jpg DHL 5 2 130 498 331
3468967682.jpg DHL 5 12 60 485 205
3697311253.jpg DHL 5 148 270 322 305
3828086787.jpg DHL 5 6 3 143 44
4316401444.jpg DHL 5 84 94 187 164
3193687005.jpg DHL 5 30 50 415 135
3422008846.jpg DHL 5 17 12 481 101
436255718.jpg DHL 5 87 132 199 177
455162201.jpg DHL 5 2 1 153 20
51660550.jpg DHL 5 370 185 497 231
1412494805.jpg DHL 5 45 281 175 323
1412494805.jpg DHL 5 299 158 335 219
159166596.jpg DHL 5 146 136 289 177
2209126349.jpg DHL 5 17 81 125 171
3765988249.jpg DHL 5 33 239 136 266
4764653103.jpg DHL 5 144 147 178 163
4764653103.jpg DHL 5 255 121 336 178
115519078.jpg DHL 6 26 48 444 150
3370538988.jpg DHL 6 64 119 351 150
3491687556.jpg DHL 6 5 4 493 104
4250525590.jpg DHL 6 7 3 492 104
51660552.jpg DHL 6 149 253 207 270
51660552.jpg DHL 6 263 159 450 252
2180293872.jpg DHL 6 11 30 477 122
2350505168.jpg DHL 6 84 130 121 154
321721915.jpg DHL 6 56 278 310 336
3788581334.jpg DHL 6 27 4 474 104
4599548273.jpg DHL 6 1 2 131 38
2090094285.jpg DHL 6 1 2 84 17
2329810624.jpg DHL 6 13 5 486 113
2989750063.jpg DHL 6 2 5 145 52
4669468410.jpg DHL 6 6 1 486 99
51660551.jpg DHL 6 286 263 444 317
2792076321.jpg DHL 6 2 130 498 331
3468967682.jpg DHL 6 12 60 485 205
3697311253.jpg DHL 6 148 270 322 305
3828086787.jpg DHL 6 6 3 143 44
4316401444.jpg DHL 6 84 94 187 164
3193687005.jpg DHL 6 30 50 415 135
3422008846.jpg DHL 6 17 12 481 101
436255718.jpg DHL 6 87 132 199 177
455162201.jpg DHL 6 2 1 153 20
51660550.jpg DHL 6 370 185 497 231
1412494805.jpg DHL 6 45 281 175 323
1412494805.jpg DHL 6 299 158 335 219
159166596.jpg DHL 6 146 136 289 177
2209126349.jpg DHL 6 17 81 125 171
3765988249.jpg DHL 6 33 239 136 266
4764653103.jpg DHL 6 144 147 178 163
4764653103.jpg DHL 6 255 121 336 178
159166594.jpg Fedex 1 204 101 333 162
2348900650.jpg Fedex 1 4 27 496 302
3088544942.jpg Fedex 1 54 128 289 210
3667849273.jpg Fedex 1 11 25 321 120
4150061002.jpg Fedex 1 6 5 322 117
3103582592.jpg Fedex 2 95 124 180 161
3103582592.jpg Fedex 2 359 92 403 118
3325271357.jpg Fedex 2 18 67 475 215
362712915.jpg Fedex 2 84 62 476 213
3777915073.jpg Fedex 2 39 151 109 224
3777915073.jpg Fedex 2 296 234 385 265
4006894378.jpg Fedex 2 20 52 243 155
159166594.jpg Fedex 2 204 101 333 162
2348900650.jpg Fedex 2 4 27 496 302
3088544942.jpg Fedex 2 54 128 289 210
3667849273.jpg Fedex 2 11 25 321 120
4150061002.jpg Fedex 2 6 5 322 117
2350426312.jpg Fedex 3 3 6 427 342
2680574577.jpg Fedex 3 1 12 495 293
3428192889.jpg Fedex 3 19 19 182 74
4347515520.jpg Fedex 3 1 3 213 69
4641707954.jpg Fedex 3 80 20 329 98
3103582592.jpg Fedex 3 95 124 180 161
3103582592.jpg Fedex 3 359 92 403 118
3325271357.jpg Fedex 3 18 67 475 215
362712915.jpg Fedex 3 84 62 476 213
3777915073.jpg Fedex 3 39 151 109 224
3777915073.jpg Fedex 3 296 234 385 265
4006894378.jpg Fedex 3 20 52 243 155
159166594.jpg Fedex 3 204 101 333 162
2348900650.jpg Fedex 3 4 27 496 302
3088544942.jpg Fedex 3 54 128 289 210
3667849273.jpg Fedex 3 11 25 321 120
4150061002.jpg Fedex 3 6 5 322 117
2587818591.jpg Fedex 4 140 133 206 191
2587818591.jpg Fedex 4 239 203 260 221
339019736.jpg Fedex 4 279 276 307 293
362855616.jpg Fedex 4 115 206 306 274
4737345823.jpg Fedex 4 26 52 458 213
4749623965.jpg Fedex 4 32 85 469 236
2350426312.jpg Fedex 4 3 6 427 342
2680574577.jpg Fedex 4 1 12 495 293
3428192889.jpg Fedex 4 19 19 182 74
4347515520.jpg Fedex 4 1 3 213 69
4641707954.jpg Fedex 4 80 20 329 98
3103582592.jpg Fedex 4 95 124 180 161
3103582592.jpg Fedex 4 359 92 403 118
3325271357.jpg Fedex 4 18 67 475 215
362712915.jpg Fedex 4 84 62 476 213
3777915073.jpg Fedex 4 39 151 109 224
3777915073.jpg Fedex 4 296 234 385 265
4006894378.jpg Fedex 4 20 52 243 155
159166594.jpg Fedex 4 204 101 333 162
2348900650.jpg Fedex 4 4 27 496 302
3088544942.jpg Fedex 4 54 128 289 210
3667849273.jpg Fedex 4 11 25 321 120
4150061002.jpg Fedex 4 6 5 322 117
2548848227.jpg Fedex 5 201 173 377 230
3046979862.jpg Fedex 5 4 117 465 273
3654486044.jpg Fedex 5 6 10 484 181
4056335981.jpg Fedex 5 2 18 496 168
406184685.jpg Fedex 5 155 88 352 211
406184685.jpg Fedex 5 396 57 493 171
2587818591.jpg Fedex 5 140 133 206 191
2587818591.jpg Fedex 5 239 203 260 221
339019736.jpg Fedex 5 279 276 307 293
362855616.jpg Fedex 5 115 206 306 274
4737345823.jpg Fedex 5 26 52 458 213
4749623965.jpg Fedex 5 32 85 469 236
2350426312.jpg Fedex 5 3 6 427 342
2680574577.jpg Fedex 5 1 12 495 293
3428192889.jpg Fedex 5 19 19 182 74
4347515520.jpg Fedex 5 1 3 213 69
4641707954.jpg Fedex 5 80 20 329 98
3103582592.jpg Fedex 5 95 124 180 161
3103582592.jpg Fedex 5 359 92 403 118
3325271357.jpg Fedex 5 18 67 475 215
362712915.jpg Fedex 5 84 62 476 213
3777915073.jpg Fedex 5 39 151 109 224
3777915073.jpg Fedex 5 296 234 385 265
4006894378.jpg Fedex 5 20 52 243 155
159166594.jpg Fedex 5 204 101 333 162
2348900650.jpg Fedex 5 4 27 496 302
3088544942.jpg Fedex 5 54 128 289 210
3667849273.jpg Fedex 5 11 25 321 120
4150061002.jpg Fedex 5 6 5 322 117
213783134.jpg Fedex 6 202 124 394 199
2160849129.jpg Fedex 6 22 35 486 119
2459989055.jpg Fedex 6 153 185 331 251
28271069.jpg Fedex 6 217 125 290 199
3669539019.jpg Fedex 6 11 25 320 123
2548848227.jpg Fedex 6 201 173 377 230
3046979862.jpg Fedex 6 4 117 465 273
3654486044.jpg Fedex 6 6 10 484 181
4056335981.jpg Fedex 6 2 18 496 168
406184685.jpg Fedex 6 155 88 352 211
406184685.jpg Fedex 6 396 57 493 171
2587818591.jpg Fedex 6 140 133 206 191
2587818591.jpg Fedex 6 239 203 260 221
339019736.jpg Fedex 6 279 276 307 293
362855616.jpg Fedex 6 115 206 306 274
4737345823.jpg Fedex 6 26 52 458 213
4749623965.jpg Fedex 6 32 85 469 236
2350426312.jpg Fedex 6 3 6 427 342
2680574577.jpg Fedex 6 1 12 495 293
3428192889.jpg Fedex 6 19 19 182 74
4347515520.jpg Fedex 6 1 3 213 69
4641707954.jpg Fedex 6 80 20 329 98
3103582592.jpg Fedex 6 95 124 180 161
3103582592.jpg Fedex 6 359 92 403 118
3325271357.jpg Fedex 6 18 67 475 215
362712915.jpg Fedex 6 84 62 476 213
3777915073.jpg Fedex 6 39 151 109 224
3777915073.jpg Fedex 6 296 234 385 265
4006894378.jpg Fedex 6 20 52 243 155
159166594.jpg Fedex 6 204 101 333 162
2348900650.jpg Fedex 6 4 27 496 302
3088544942.jpg Fedex 6 54 128 289 210
3667849273.jpg Fedex 6 11 25 321 120
4150061002.jpg Fedex 6 6 5 322 117
1224628248.jpg Ferrari 1 140 36 414 327
3206116179.jpg Ferrari 1 144 41 365 311
3300554626.jpg Ferrari 1 106 9 385 328
3571544780.jpg Ferrari 1 72 17 442 372
43671206.jpg Ferrari 1 89 146 223 323
2201490255.jpg Ferrari 2 65 70 347 426
3055058872.jpg Ferrari 2 153 67 358 347
3455836079.jpg Ferrari 2 101 195 216 304
4621612035.jpg Ferrari 2 22 19 294 475
4758382348.jpg Ferrari 2 9 23 473 430
1224628248.jpg Ferrari 2 140 36 414 327
3206116179.jpg Ferrari 2 144 41 365 311
3300554626.jpg Ferrari 2 106 9 385 328
3571544780.jpg Ferrari 2 72 17 442 372
43671206.jpg Ferrari 2 89 146 223 323
3270796445.jpg Ferrari 3 147 80 353 318
3792061769.jpg Ferrari 3 62 24 426 486
3979038472.jpg Ferrari 3 215 317 316 372
4449683069.jpg Ferrari 3 114 35 359 342
788959598.jpg Ferrari 3 118 255 260 407
2201490255.jpg Ferrari 3 65 70 347 426
3055058872.jpg Ferrari 3 153 67 358 347
3455836079.jpg Ferrari 3 101 195 216 304
4621612035.jpg Ferrari 3 22 19 294 475
4758382348.jpg Ferrari 3 9 23 473 430
1224628248.jpg Ferrari 3 140 36 414 327
3206116179.jpg Ferrari 3 144 41 365 311
3300554626.jpg Ferrari 3 106 9 385 328
3571544780.jpg Ferrari 3 72 17 442 372
43671206.jpg Ferrari 3 89 146 223 323
3016882365.jpg Ferrari 4 56 128 239 338
4115509028.jpg Ferrari 4 211 207 268 253
456474304.jpg Ferrari 4 116 5 425 348
4578493801.jpg Ferrari 4 112 283 284 433
513227877.jpg Ferrari 4 138 92 361 306
3270796445.jpg Ferrari 4 147 80 353 318
3792061769.jpg Ferrari 4 62 24 426 486
3979038472.jpg Ferrari 4 215 317 316 372
4449683069.jpg Ferrari 4 114 35 359 342
788959598.jpg Ferrari 4 118 255 260 407
2201490255.jpg Ferrari 4 65 70 347 426
3055058872.jpg Ferrari 4 153 67 358 347
3455836079.jpg Ferrari 4 101 195 216 304
4621612035.jpg Ferrari 4 22 19 294 475
4758382348.jpg Ferrari 4 9 23 473 430
1224628248.jpg Ferrari 4 140 36 414 327
3206116179.jpg Ferrari 4 144 41 365 311
3300554626.jpg Ferrari 4 106 9 385 328
3571544780.jpg Ferrari 4 72 17 442 372
43671206.jpg Ferrari 4 89 146 223 323
1224626332.jpg Ferrari 5 64 74 293 385
165133120.jpg Ferrari 5 10 31 428 495
3645362205.jpg Ferrari 5 23 2 74 70
4581405295.jpg Ferrari 5 131 318 315 475
4752700666.jpg Ferrari 5 87 318 185 429
3016882365.jpg Ferrari 5 56 128 239 338
4115509028.jpg Ferrari 5 211 207 268 253
456474304.jpg Ferrari 5 116 5 425 348
4578493801.jpg Ferrari 5 112 283 284 433
513227877.jpg Ferrari 5 138 92 361 306
3270796445.jpg Ferrari 5 147 80 353 318
3792061769.jpg Ferrari 5 62 24 426 486
3979038472.jpg Ferrari 5 215 317 316 372
4449683069.jpg Ferrari 5 114 35 359 342
788959598.jpg Ferrari 5 118 255 260 407
2201490255.jpg Ferrari 5 65 70 347 426
3055058872.jpg Ferrari 5 153 67 358 347
3455836079.jpg Ferrari 5 101 195 216 304
4621612035.jpg Ferrari 5 22 19 294 475
4758382348.jpg Ferrari 5 9 23 473 430
1224628248.jpg Ferrari 5 140 36 414 327
3206116179.jpg Ferrari 5 144 41 365 311
3300554626.jpg Ferrari 5 106 9 385 328
3571544780.jpg Ferrari 5 72 17 442 372
43671206.jpg Ferrari 5 89 146 223 323
2445982293.jpg Ferrari 6 176 3 414 308
2519143928.jpg Ferrari 6 167 97 318 299
3299731311.jpg Ferrari 6 52 10 348 301
3394794243.jpg Ferrari 6 2 3 307 494
3967091276.jpg Ferrari 6 22 38 296 455
1224626332.jpg Ferrari 6 64 74 293 385
165133120.jpg Ferrari 6 10 31 428 495
3645362205.jpg Ferrari 6 23 2 74 70
4581405295.jpg Ferrari 6 131 318 315 475
4752700666.jpg Ferrari 6 87 318 185 429
3016882365.jpg Ferrari 6 56 128 239 338
4115509028.jpg Ferrari 6 211 207 268 253
456474304.jpg Ferrari 6 116 5 425 348
4578493801.jpg Ferrari 6 112 283 284 433
513227877.jpg Ferrari 6 138 92 361 306
3270796445.jpg Ferrari 6 147 80 353 318
3792061769.jpg Ferrari 6 62 24 426 486
3979038472.jpg Ferrari 6 215 317 316 372
4449683069.jpg Ferrari 6 114 35 359 342
788959598.jpg Ferrari 6 118 255 260 407
2201490255.jpg Ferrari 6 65 70 347 426
3055058872.jpg Ferrari 6 153 67 358 347
3455836079.jpg Ferrari 6 101 195 216 304
4621612035.jpg Ferrari 6 22 19 294 475
4758382348.jpg Ferrari 6 9 23 473 430
1224628248.jpg Ferrari 6 140 36 414 327
3206116179.jpg Ferrari 6 144 41 365 311
3300554626.jpg Ferrari 6 106 9 385 328
3571544780.jpg Ferrari 6 72 17 442 372
43671206.jpg Ferrari 6 89 146 223 323
165691999.jpg Ford 1 137 67 417 277
224886291.jpg Ford 1 35 103 463 267
2938879364.jpg Ford 1 82 127 392 264
3321350768.jpg Ford 1 26 75 481 268
4219499614.jpg Ford 1 44 125 407 285
2228221904.jpg Ford 2 52 83 410 232
2485974348.jpg Ford 2 13 107 491 285
3324939734.jpg Ford 2 1 26 147 113
3324939734.jpg Ford 2 3 123 144 220
3324939734.jpg Ford 2 133 107 319 263
3324939734.jpg Ford 2 149 30 304 120
3324939734.jpg Ford 2 301 165 498 249
3324939734.jpg Ford 2 307 100 498 167
4218732095.jpg Ford 2 113 142 484 278
4280085481.jpg Ford 2 217 153 278 182
165691999.jpg Ford 2 137 67 417 277
224886291.jpg Ford 2 35 103 463 267
2938879364.jpg Ford 2 82 127 392 264
3321350768.jpg Ford 2 26 75 481 268
4219499614.jpg Ford 2 44 125 407 285
255740214.jpg Ford 3 17 104 474 281
2938026725.jpg Ford 3 174 158 283 220
3514397412.jpg Ford 3 8 7 496 303
4253115679.jpg Ford 3 33 169 459 333
4422086623.jpg Ford 3 61 60 440 215
2228221904.jpg Ford 3 52 83 410 232
2485974348.jpg Ford 3 13 107 491 285
3324939734.jpg Ford 3 1 26 147 113
3324939734.jpg Ford 3 3 123 144 220
3324939734.jpg Ford 3 133 107 319 263
3324939734.jpg Ford 3 149 30 304 120
3324939734.jpg Ford 3 301 165 498 249
3324939734.jpg Ford 3 307 100 498 167
4218732095.jpg Ford 3 113 142 484 278
4280085481.jpg Ford 3 217 153 278 182
165691999.jpg Ford 3 137 67 417 277
224886291.jpg Ford 3 35 103 463 267
2938879364.jpg Ford 3 82 127 392 264
3321350768.jpg Ford 3 26 75 481 268
4219499614.jpg Ford 3 44 125 407 285
3311766713.jpg Ford 4 32 99 484 266
3350050876.jpg Ford 4 2 172 496 325
4219499546.jpg Ford 4 105 225 320 315
4384704926.jpg Ford 4 77 144 378 264
4417603925.jpg Ford 4 153 193 272 246
255740214.jpg Ford 4 17 104 474 281
2938026725.jpg Ford 4 174 158 283 220
3514397412.jpg Ford 4 8 7 496 303
4253115679.jpg Ford 4 33 169 459 333
4422086623.jpg Ford 4 61 60 440 215
2228221904.jpg Ford 4 52 83 410 232
2485974348.jpg Ford 4 13 107 491 285
3324939734.jpg Ford 4 1 26 147 113
3324939734.jpg Ford 4 3 123 144 220
3324939734.jpg Ford 4 133 107 319 263
3324939734.jpg Ford 4 149 30 304 120
3324939734.jpg Ford 4 301 165 498 249
3324939734.jpg Ford 4 307 100 498 167
4218732095.jpg Ford 4 113 142 484 278
4280085481.jpg Ford 4 217 153 278 182
165691999.jpg Ford 4 137 67 417 277
224886291.jpg Ford 4 35 103 463 267
2938879364.jpg Ford 4 82 127 392 264
3321350768.jpg Ford 4 26 75 481 268
4219499614.jpg Ford 4 44 125 407 285
1201452086.jpg Ford 5 172 213 290 310
3745298879.jpg Ford 5 27 123 456 288
4218731913.jpg Ford 5 117 218 245 286
744776649.jpg Ford 5 24 87 355 272
879397507.jpg Ford 5 49 106 159 162
3311766713.jpg Ford 5 32 99 484 266
3350050876.jpg Ford 5 2 172 496 325
4219499546.jpg Ford 5 105 225 320 315
4384704926.jpg Ford 5 77 144 378 264
4417603925.jpg Ford 5 153 193 272 246
255740214.jpg Ford 5 17 104 474 281
2938026725.jpg Ford 5 174 158 283 220
3514397412.jpg Ford 5 8 7 496 303
4253115679.jpg Ford 5 33 169 459 333
4422086623.jpg Ford 5 61 60 440 215
2228221904.jpg Ford 5 52 83 410 232
2485974348.jpg Ford 5 13 107 491 285
3324939734.jpg Ford 5 1 26 147 113
3324939734.jpg Ford 5 3 123 144 220
3324939734.jpg Ford 5 133 107 319 263
3324939734.jpg Ford 5 149 30 304 120
3324939734.jpg Ford 5 301 165 498 249
3324939734.jpg Ford 5 307 100 498 167
4218732095.jpg Ford 5 113 142 484 278
4280085481.jpg Ford 5 217 153 278 182
165691999.jpg Ford 5 137 67 417 277
224886291.jpg Ford 5 35 103 463 267
2938879364.jpg Ford 5 82 127 392 264
3321350768.jpg Ford 5 26 75 481 268
4219499614.jpg Ford 5 44 125 407 285
2514607078.jpg Ford 6 120 95 375 211
2514607078.jpg Ford 6 388 256 479 301
3321350350.jpg Ford 6 118 56 466 298
3846421099.jpg Ford 6 86 60 413 191
2463217235.jpg Ford 6 275 127 431 200
4788413611.jpg Ford 6 197 84 240 118
1201452086.jpg Ford 6 172 213 290 310
3745298879.jpg Ford 6 27 123 456 288
4218731913.jpg Ford 6 117 218 245 286
744776649.jpg Ford 6 24 87 355 272
879397507.jpg Ford 6 49 106 159 162
3311766713.jpg Ford 6 32 99 484 266
3350050876.jpg Ford 6 2 172 496 325
4219499546.jpg Ford 6 105 225 320 315
4384704926.jpg Ford 6 77 144 378 264
4417603925.jpg Ford 6 153 193 272 246
255740214.jpg Ford 6 17 104 474 281
2938026725.jpg Ford 6 174 158 283 220
3514397412.jpg Ford 6 8 7 496 303
4253115679.jpg Ford 6 33 169 459 333
4422086623.jpg Ford 6 61 60 440 215
2228221904.jpg Ford 6 52 83 410 232
2485974348.jpg Ford 6 13 107 491 285
3324939734.jpg Ford 6 1 26 147 113
3324939734.jpg Ford 6 3 123 144 220
3324939734.jpg Ford 6 133 107 319 263
3324939734.jpg Ford 6 149 30 304 120
3324939734.jpg Ford 6 301 165 498 249
3324939734.jpg Ford 6 307 100 498 167
4218732095.jpg Ford 6 113 142 484 278
4280085481.jpg Ford 6 217 153 278 182
165691999.jpg Ford 6 137 67 417 277
224886291.jpg Ford 6 35 103 463 267
2938879364.jpg Ford 6 82 127 392 264
3321350768.jpg Ford 6 26 75 481 268
4219499614.jpg Ford 6 44 125 407 285
2766150734.jpg Google 1 77 28 367 121
310688144.jpg Google 1 2 3 273 105
4582547214.jpg Google 1 11 4 473 173
4583055527.jpg Google 1 135 64 388 153
4583055527.jpg Google 1 138 173 271 224
50302921.jpg Google 1 5 3 146 47
2132909220.jpg Google 2 4 6 199 77
2774437111.jpg Google 2 59 17 353 123
2786523391.jpg Google 2 54 8 343 105
2898435362.jpg Google 2 3 5 269 100
4353886132.jpg Google 2 137 16 345 99
2766150734.jpg Google 2 77 28 367 121
310688144.jpg Google 2 2 3 273 105
4582547214.jpg Google 2 11 4 473 173
4583055527.jpg Google 2 135 64 388 153
4583055527.jpg Google 2 138 173 271 224
50302921.jpg Google 2 5 3 146 47
2533950636.jpg Google 3 3 16 275 109
2777121253.jpg Google 3 7 12 199 68
2777758833.jpg Google 3 59 10 331 107
3958261033.jpg Google 3 18 6 476 163
4759888406.jpg Google 3 2 3 275 106
2132909220.jpg Google 3 4 6 199 77
2774437111.jpg Google 3 59 17 353 123
2786523391.jpg Google 3 54 8 343 105
2898435362.jpg Google 3 3 5 269 100
4353886132.jpg Google 3 137 16 345 99
2766150734.jpg Google 3 77 28 367 121
310688144.jpg Google 3 2 3 273 105
4582547214.jpg Google 3 11 4 473 173
4583055527.jpg Google 3 135 64 388 153
4583055527.jpg Google 3 138 173 271 224
50302921.jpg Google 3 5 3 146 47
2839448306.jpg Google 4 226 207 245 216
3904333688.jpg Google 4 6 4 481 181
4080113868.jpg Google 4 17 14 296 117
428085258.jpg Google 4 42 116 457 270
4493513795.jpg Google 4 130 114 350 201
2533950636.jpg Google 4 3 16 275 109
2777121253.jpg Google 4 7 12 199 68
2777758833.jpg Google 4 59 10 331 107
3958261033.jpg Google 4 18 6 476 163
4759888406.jpg Google 4 2 3 275 106
2132909220.jpg Google 4 4 6 199 77
2774437111.jpg Google 4 59 17 353 123
2786523391.jpg Google 4 54 8 343 105
2898435362.jpg Google 4 3 5 269 100
4353886132.jpg Google 4 137 16 345 99
2766150734.jpg Google 4 77 28 367 121
310688144.jpg Google 4 2 3 273 105
4582547214.jpg Google 4 11 4 473 173
4583055527.jpg Google 4 135 64 388 153
4583055527.jpg Google 4 138 173 271 224
50302921.jpg Google 4 5 3 146 47
272645705.jpg Google 5 33 129 485 295
2783736621.jpg Google 5 44 5 374 116
3101679471.jpg Google 5 20 146 445 304
3231215333.jpg Google 5 14 8 155 57
3231215333.jpg Google 5 179 7 322 59
3231215333.jpg Google 5 349 5 487 54
3889420667.jpg Google 5 21 29 219 185
3889420667.jpg Google 5 303 19 480 225
2839448306.jpg Google 5 226 207 245 216
3904333688.jpg Google 5 6 4 481 181
4080113868.jpg Google 5 17 14 296 117
428085258.jpg Google 5 42 116 457 270
4493513795.jpg Google 5 130 114 350 201
2533950636.jpg Google 5 3 16 275 109
2777121253.jpg Google 5 7 12 199 68
2777758833.jpg Google 5 59 10 331 107
3958261033.jpg Google 5 18 6 476 163
4759888406.jpg Google 5 2 3 275 106
2132909220.jpg Google 5 4 6 199 77
2774437111.jpg Google 5 59 17 353 123
2786523391.jpg Google 5 54 8 343 105
2898435362.jpg Google 5 3 5 269 100
4353886132.jpg Google 5 137 16 345 99
2766150734.jpg Google 5 77 28 367 121
310688144.jpg Google 5 2 3 273 105
4582547214.jpg Google 5 11 4 473 173
4583055527.jpg Google 5 135 64 388 153
4583055527.jpg Google 5 138 173 271 224
50302921.jpg Google 5 5 3 146 47
2762358474.jpg Google 6 15 13 309 92
2777979668.jpg Google 6 3 7 269 95
2780928833.jpg Google 6 61 27 343 135
4582547170.jpg Google 6 16 11 497 196
4584588907.jpg Google 6 109 10 378 112
272645705.jpg Google 6 33 129 485 295
2783736621.jpg Google 6 44 5 374 116
3101679471.jpg Google 6 20 146 445 304
3231215333.jpg Google 6 14 8 155 57
3231215333.jpg Google 6 179 7 322 59
3231215333.jpg Google 6 349 5 487 54
3889420667.jpg Google 6 21 29 219 185
3889420667.jpg Google 6 303 19 480 225
2839448306.jpg Google 6 226 207 245 216
3904333688.jpg Google 6 6 4 481 181
4080113868.jpg Google 6 17 14 296 117
428085258.jpg Google 6 42 116 457 270
4493513795.jpg Google 6 130 114 350 201
2533950636.jpg Google 6 3 16 275 109
2777121253.jpg Google 6 7 12 199 68
2777758833.jpg Google 6 59 10 331 107
3958261033.jpg Google 6 18 6 476 163
4759888406.jpg Google 6 2 3 275 106
2132909220.jpg Google 6 4 6 199 77
2774437111.jpg Google 6 59 17 353 123
2786523391.jpg Google 6 54 8 343 105
2898435362.jpg Google 6 3 5 269 100
4353886132.jpg Google 6 137 16 345 99
2766150734.jpg Google 6 77 28 367 121
310688144.jpg Google 6 2 3 273 105
4582547214.jpg Google 6 11 4 473 173
4583055527.jpg Google 6 135 64 388 153
4583055527.jpg Google 6 138 173 271 224
50302921.jpg Google 6 5 3 146 47
3051999324.jpg Heineken 1 246 127 321 226
3051999324.jpg Heineken 1 254 20 337 124
3051999324.jpg Heineken 1 321 125 409 231
3051999324.jpg Heineken 1 339 14 411 121
3520033212.jpg Heineken 1 20 17 316 143
3785668123.jpg Heineken 1 321 293 460 430
3831371619.jpg Heineken 1 92 124 176 232
3831371619.jpg Heineken 1 238 123 324 229
3831371619.jpg Heineken 1 321 124 405 241
3960429630.jpg Heineken 1 249 134 305 217
3960429630.jpg Heineken 1 305 126 376 212
170557401.jpg Heineken 2 2 150 494 228
170557401.jpg Heineken 2 119 294 171 312
170557401.jpg Heineken 2 242 301 293 317
3147491623.jpg Heineken 2 133 56 382 227
3244264597.jpg Heineken 2 83 51 417 311
3786492252.jpg Heineken 2 5 5 88 113
4261671591.jpg Heineken 2 264 26 341 102
3051999324.jpg Heineken 2 246 127 321 226
3051999324.jpg Heineken 2 254 20 337 124
3051999324.jpg Heineken 2 321 125 409 231
3051999324.jpg Heineken 2 339 14 411 121
3520033212.jpg Heineken 2 20 17 316 143
3785668123.jpg Heineken 2 321 293 460 430
3831371619.jpg Heineken 2 92 124 176 232
3831371619.jpg Heineken 2 238 123 324 229
3831371619.jpg Heineken 2 321 124 405 241
3960429630.jpg Heineken 2 249 134 305 217
3960429630.jpg Heineken 2 305 126 376 212
2169121853.jpg Heineken 3 4 6 145 102
4373836086.jpg Heineken 3 120 151 234 261
4458514217.jpg Heineken 3 82 32 259 288
4553341804.jpg Heineken 3 348 67 383 86
4553341804.jpg Heineken 3 423 63 457 86
4623943974.jpg Heineken 3 151 5 385 96
170557401.jpg Heineken 3 2 150 494 228
170557401.jpg Heineken 3 119 294 171 312
170557401.jpg Heineken 3 242 301 293 317
3147491623.jpg Heineken 3 133 56 382 227
3244264597.jpg Heineken 3 83 51 417 311
3786492252.jpg Heineken 3 5 5 88 113
4261671591.jpg Heineken 3 264 26 341 102
3051999324.jpg Heineken 3 246 127 321 226
3051999324.jpg Heineken 3 254 20 337 124
3051999324.jpg Heineken 3 321 125 409 231
3051999324.jpg Heineken 3 339 14 411 121
3520033212.jpg Heineken 3 20 17 316 143
3785668123.jpg Heineken 3 321 293 460 430
3831371619.jpg Heineken 3 92 124 176 232
3831371619.jpg Heineken 3 238 123 324 229
3831371619.jpg Heineken 3 321 124 405 241
3960429630.jpg Heineken 3 249 134 305 217
3960429630.jpg Heineken 3 305 126 376 212
3800082210.jpg Heineken 4 1 4 406 451
3890972492.jpg Heineken 4 358 198 477 263
4169127109.jpg Heineken 4 13 48 160 173
4169127109.jpg Heineken 4 41 168 127 226
447227594.jpg Heineken 4 113 194 201 262
786529071.jpg Heineken 4 395 94 427 144
2169121853.jpg Heineken 4 4 6 145 102
4373836086.jpg Heineken 4 120 151 234 261
4458514217.jpg Heineken 4 82 32 259 288
4553341804.jpg Heineken 4 348 67 383 86
4553341804.jpg Heineken 4 423 63 457 86
4623943974.jpg Heineken 4 151 5 385 96
170557401.jpg Heineken 4 2 150 494 228
170557401.jpg Heineken 4 119 294 171 312
170557401.jpg Heineken 4 242 301 293 317
3147491623.jpg Heineken 4 133 56 382 227
3244264597.jpg Heineken 4 83 51 417 311
3786492252.jpg Heineken 4 5 5 88 113
4261671591.jpg Heineken 4 264 26 341 102
3051999324.jpg Heineken 4 246 127 321 226
3051999324.jpg Heineken 4 254 20 337 124
3051999324.jpg Heineken 4 321 125 409 231
3051999324.jpg Heineken 4 339 14 411 121
3520033212.jpg Heineken 4 20 17 316 143
3785668123.jpg Heineken 4 321 293 460 430
3831371619.jpg Heineken 4 92 124 176 232
3831371619.jpg Heineken 4 238 123 324 229
3831371619.jpg Heineken 4 321 124 405 241
3960429630.jpg Heineken 4 249 134 305 217
3960429630.jpg Heineken 4 305 126 376 212
3190556167.jpg Heineken 5 41 38 352 264
3510604107.jpg Heineken 5 17 17 488 489
3860951501.jpg Heineken 5 210 194 295 250
4405304896.jpg Heineken 5 246 171 348 302
4405304896.jpg Heineken 5 361 161 464 292
4602079969.jpg Heineken 5 23 30 338 417
3800082210.jpg Heineken 5 1 4 406 451
3890972492.jpg Heineken 5 358 198 477 263
4169127109.jpg Heineken 5 13 48 160 173
4169127109.jpg Heineken 5 41 168 127 226
447227594.jpg Heineken 5 113 194 201 262
786529071.jpg Heineken 5 395 94 427 144
2169121853.jpg Heineken 5 4 6 145 102
4373836086.jpg Heineken 5 120 151 234 261
4458514217.jpg Heineken 5 82 32 259 288
4553341804.jpg Heineken 5 348 67 383 86
4553341804.jpg Heineken 5 423 63 457 86
4623943974.jpg Heineken 5 151 5 385 96
170557401.jpg Heineken 5 2 150 494 228
170557401.jpg Heineken 5 119 294 171 312
170557401.jpg Heineken 5 242 301 293 317
3147491623.jpg Heineken 5 133 56 382 227
3244264597.jpg Heineken 5 83 51 417 311
3786492252.jpg Heineken 5 5 5 88 113
4261671591.jpg Heineken 5 264 26 341 102
3051999324.jpg Heineken 5 246 127 321 226
3051999324.jpg Heineken 5 254 20 337 124
3051999324.jpg Heineken 5 321 125 409 231
3051999324.jpg Heineken 5 339 14 411 121
3520033212.jpg Heineken 5 20 17 316 143
3785668123.jpg Heineken 5 321 293 460 430
3831371619.jpg Heineken 5 92 124 176 232
3831371619.jpg Heineken 5 238 123 324 229
3831371619.jpg Heineken 5 321 124 405 241
3960429630.jpg Heineken 5 249 134 305 217
3960429630.jpg Heineken 5 305 126 376 212
1251769192.jpg Heineken 6 207 228 411 311
18526789.jpg Heineken 6 12 26 352 264
3786440680.jpg Heineken 6 211 353 320 465
3969698402.jpg Heineken 6 104 56 375 221
3969698402.jpg Heineken 6 108 4 373 323
4013254976.jpg Heineken 6 2 8 98 87
3190556167.jpg Heineken 6 41 38 352 264
3510604107.jpg Heineken 6 17 17 488 489
3860951501.jpg Heineken 6 210 194 295 250
4405304896.jpg Heineken 6 246 171 348 302
4405304896.jpg Heineken 6 361 161 464 292
4602079969.jpg Heineken 6 23 30 338 417
3800082210.jpg Heineken 6 1 4 406 451
3890972492.jpg Heineken 6 358 198 477 263
4169127109.jpg Heineken 6 13 48 160 173
4169127109.jpg Heineken 6 41 168 127 226
447227594.jpg Heineken 6 113 194 201 262
786529071.jpg Heineken 6 395 94 427 144
2169121853.jpg Heineken 6 4 6 145 102
4373836086.jpg Heineken 6 120 151 234 261
4458514217.jpg Heineken 6 82 32 259 288
4553341804.jpg Heineken 6 348 67 383 86
4553341804.jpg Heineken 6 423 63 457 86
4623943974.jpg Heineken 6 151 5 385 96
170557401.jpg Heineken 6 2 150 494 228
170557401.jpg Heineken 6 119 294 171 312
170557401.jpg Heineken 6 242 301 293 317
3147491623.jpg Heineken 6 133 56 382 227
3244264597.jpg Heineken 6 83 51 417 311
3786492252.jpg Heineken 6 5 5 88 113
4261671591.jpg Heineken 6 264 26 341 102
3051999324.jpg Heineken 6 246 127 321 226
3051999324.jpg Heineken 6 254 20 337 124
3051999324.jpg Heineken 6 321 125 409 231
3051999324.jpg Heineken 6 339 14 411 121
3520033212.jpg Heineken 6 20 17 316 143
3785668123.jpg Heineken 6 321 293 460 430
3831371619.jpg Heineken 6 92 124 176 232
3831371619.jpg Heineken 6 238 123 324 229
3831371619.jpg Heineken 6 321 124 405 241
3960429630.jpg Heineken 6 249 134 305 217
3960429630.jpg Heineken 6 305 126 376 212